135
104
479
225
394
218
129
879
815
457
72
683
818
230
699
13
76
2
574
314
753
769
830
865
601
295
982
204
802
343
670
313
218
60
173
101
402
86
781
268
718
924
501
71
929
608
933
690
245
107
914
136
456
869
753
182
234
185
904
10
843
587
824
318
817
967
327
140
711
991
778
599
58
305
919
419
317
235
160
323
572
20
124
125
549
720
87
116
402
983
186
66
715
34
381
712
97
419
601
459
261
921
250
164
559
997
97
501
875
756
464
763
301
280
327
292
37
861
772
807
198
14
382
946
256
849
82
451
973
806
438
159
337
791
387
513
762
692
81
184
463
758
330
783
253
189
736
794
85
697
850
282
809
953
25
965
797
460
122
85
938
994
372
891
277
925
128
384
943
513
569
272
293
230
145
859
848
822
203
569
143
71
839
442
64
710
279
39
925
638
649
344
795
972
293
443
998
952
238
21
513
682
133
121
578
302
385
722
65
982
483
223
560
707
454
442
86
800
932
284
662
539
315
529
189
912
742
419
217
715
440
558
668
530
499
911
40
405
230
154
52
843
430
766
509
802
355
63
280
339
955
296
523
711
484
43
155
778
403
343
592
475
114
237
349
692
597
991
692
981
341
76
23
503
766
196
408
535
323
901
241
714
218
544
352
175
553
555
114
838
855
268
465
827
464
486
616
302
984
523
475
42
953
231
35
960
624
708
415
735
153
63
238
578
3
199
97
119
925
69
70
999
760
228
510
279
951
887
632
410
328
673
159
585
414
629
238
104
720
138
884
109
393
450
267
632
738
248
482
498
453
732
714
939
832
373
805
124
841
449
306
653
369
924
877
173
873
122
940
836
641
467
493
982
96
554
27
854
181
473
87
772
236
333
794
885
900
698
880
613
565
739
409
148
894
48
338
698
645
684
968
152
776
489
148
189
816
771
586
641
694
814
84
137
422
700
627
176
103
583
765
79
52
191
130
793
837
505
240
773
310
389
439
344
297
74
95
646
816
880
389
557
914
953
621
303
887
84
465
314
175
992
255
597
772
330
864
937
384
83
973
649
968
298
348
824
192
177
977
558
209
221
528
950
877
239
694
295
747
339
823
317
326
586
169
299
400
0
848
504
268
195
451
419
280
798
332
171
649
34
277
408
193
504
246
464
403
877
299
815
807
650
369
446
937
383
489
750
236
324
213
593
660
836
352
446
721
14
379
991
783
169
721
888
938
603
3
63
535
398
312
194
246
143
844
881
132
693
418
41
909
275
348
434
654
554
967
22
751
990
228
807
535
42
104
907
971
698
533
838
591
814
777
917
781
206
60
2
338
999
552
713
173
248
569
102
940
657
971
904
535
921
483
598
333
585
494
53
381
587
397
683
557
641
906
267
822
627
100
333
33
649
102
801
242
376
559
408
483
501
114
127
996
404
373
433
93
491
46
800
6
552
546
856
102
603
911
536
759
105
209
382
987
559
874
949
320
495
362
798
630
778
407
760
722
970
613
965
395
259
894
515
849
597
717
11
749
616
13
897
236
925
102
961
181
477
111
762
370
665
439
354
331
885
589
118
373
697
696
980
418
957
113
23
58
240
901
998
88
397
574
649
199
707
728
177
979
800
41
644
164
177
738
577
380
640
506
622
586
155
42
691
279
373
539
226
318
715
771
414
609
645
7
21
894
614
578
780
208
410
884
509
602
284
718
975
718
793
697
931
268
84
222
134
958
119
832
911
272
746
758
295
933
316
620
104
492
939
265
60
673
201
260
875
680
245
799
960
333
3
494
257
39
649
585
193
739
663
92
675
476
83
32
13
15
6
826
639
445
198
481
54
458
432
525
2
547
913
355
912
229
890
853
845
935
174
934
736
945
890
147
753
30
720
309
788
277
479
235
229
830
250
445
823
903
883
635
637
798
228
827
67
169
746
578
962
89
111
922
22
317
66
25
718
331
285
394
472
529
603
821
758
634
692
977
561
244
566
994
56
566
194
101
293
838
608
817
372
672
543
16
801
611
397
226
381
318
719
122
60
656
783
370
887
813
695
538
441
220
102
998
648
957
878
997
209
72
102
229
488
873
755
236
283
319
390
234
210
379
338
162
998
318
965
599
563
588
697
228
635
420
245
339
552
953
836
198
901
859
250
612
113
782
799
948
90
261
345
885
546
455
138
750
873
591
107
561
446
81
771
530
235
280
433
117
436
693
970
829
395
298
95
729
884
725
478
178
368
224
659
863
496
445
778
281
776
518
492
707
293
34
804
16
725
652
829
712
385
110
634

The Biggest number is 999
The smallest number is 0